136.00000000009655
143.8000000000961
265.8000000000919
273.00000000009356
372.0000000001161
374.4000000001166
385.2000000001191
391.8000000001206
403.0000000001231
439.60000000013144
448.6000000001335
451.00000000013404
459.2000000001359
631.000000000175
667.8000000001833
679.2000000001859
680.2000000001862
699.6000000001906
704.0000000001916
711.8000000001933
726.2000000001966
731.2000000001977
747.0000000002013
748.4000000002017
754.6000000002031
764.2000000002053
830.2000000002203
831.6000000002206
835.2000000002214
839.2000000002223
844.0000000002234
845.2000000002237
855.2000000002259
856.8000000002263
869.0000000002291
886.200000000233
902.6000000002367
1043.000000000247
1084.0000000002096
1088.2000000002058
1091.0000000002033
1200.4000000001038
1204.2000000001003
1220.6000000000854
1329.1999999999866
1334.5999999999817
1341.7999999999752
1366.7999999999524
1369.1999999999503
1370.7999999999488
1373.9999999999459
1563.999999999773
1566.7999999997705
1577.9999999997603
1579.599999999759
1583.999999999755
1661.7999999996841
1687.199999999661
1909.399999999459
1929.7999999994404
1962.7999999994104
1965.399999999408
2079.599999999304
2089.799999999295
2103.3999999992825
2158.5999999992323
2171.99999999922
2182.3999999992106
2186.199999999207
2188.9999999992046
2192.3999999992016
2227.5999999991695
2243.9999999991546
2261.7999999991384
2289.999999999113
2374.199999999036
2375.1999999990353
2384.5999999990267
2386.7999999990247
2389.3999999990224
2410.1999999990035
2446.3999999989705
2507.599999998915
2521.1999999989025
2539.199999998886
2560.5999999988667
2572.5999999988558
2576.1999999988525
2611.5999999988203
2736.9999999987062
2781.399999998666
2787.3999999986604
2815.199999998635
2845.5999999986075
2856.3999999985977
2860.199999998594
2909.999999998549
2973.599999998491
2974.3999999984903
2977.3999999984876
2979.7999999984854
2993.7999999984727
3005.7999999984618
3017.399999998451
3027.1999999984423
3028.799999998441
3034.199999998436
3044.5999999984265
3045.3999999984258
3048.599999998423
3051.3999999984203
3059.199999998413
3142.999999998337
3170.1999999983123
3173.599999998309
3184.3999999982993
3186.799999998297
3201.199999998284
3204.9999999982806
3211.399999998275
3242.799999998246
3246.9999999982424
3364.199999998136
3370.39999999813
3376.7999999981243
3378.5999999981227
3392.39999999811
3455.399999998053
3474.5999999980354
3479.7999999980307
3487.5999999980236
3493.1999999980185
3503.799999998009
3506.3999999980065
3510.9999999980023
3648.999999997877
3658.9999999978677
3673.999999997854
3691.799999997838
3793.3999999977455
3794.3999999977445
3804.3999999977354
3805.3999999977345
3810.7999999977296
3822.599999997719
3850.999999997693
3853.5999999976907
4053.199999997509
4066.9999999974966
4095.399999997471
4103.999999997499
4185.7999999977965
4207.599999997876
4213.999999997899
4217.799999997913
4229.399999997955
4431.599999998691
4434.399999998701
4440.399999998723
4441.199999998726
4474.399999998846
4479.999999998867
4485.599999998887
4572.799999999204
4580.199999999231
4675.799999999579
4680.999999999598
4684.19999999961
4684.999999999613
4688.199999999624
4718.7999999997355
4737.1999999998025
4742.599999999822
4748.399999999843
4757.399999999876
4759.799999999885
4845.200000000195
4846.4000000002
4857.6000000002405
4867.000000000275
4901.4000000004
4903.000000000406
5069.400000001011
5115.000000001177
5129.000000001228
5132.000000001239
5144.400000001284
5147.200000001294
5151.400000001309
5159.200000001338
5161.600000001346
5168.00000000137
5239.60000000163
5255.200000001687
5265.000000001723
5266.000000001726
5356.600000002056
5420.400000002288
5480.000000002505
5517.800000002642
5578.800000002864
5586.800000002893
5608.400000002972
5613.40000000299
5614.400000002994
5620.600000003016
5627.800000003042
5631.800000003057
5635.40000000307
5646.200000003109
5702.800000003315
5706.000000003327
5726.2000000034
5729.000000003411
5746.400000003474
5893.80000000401
6064.000000004629
6167.600000005006
6176.600000005039
6234.800000005251
6239.800000005269
6245.000000005288
6269.000000005375
6271.400000005384
6279.400000005413
6363.80000000572
6400.400000005853
6403.200000005863
6422.600000005934
6444.600000006014
6446.000000006019
6452.000000006041
6463.000000006081
6467.200000006096
6515.200000006271
6531.800000006331
6533.600000006338
6690.80000000691
6745.80000000711
6781.400000007239
6807.6000000073345
6813.400000007356
6816.800000007368
6820.00000000738
6854.400000007505
6914.200000007722
6922.400000007752
6960.20000000789
6985.200000007981
7143.800000008558
7154.200000008595
7295.000000009108
7303.600000009139
7315.800000009183
7329.200000009232
7399.4000000094875
7415.400000009546
7455.400000009691
7516.600000009914
7518.20000000992
7519.400000009924
7657.200000010425
7658.60000001043
7669.40000001047
7800.400000010946
7806.200000010967
7808.600000010976
7809.8000000109805
7838.600000011085
7892.600000011282
7894.200000011288
7895.800000011293
7906.800000011333
7911.600000011351
7915.400000011365
8077.600000011955
8295.800000012749
8317.000000012826
8317.800000012829
8326.40000001286
8506.400000013515
8508.400000013522
8647.200000014027
8661.000000014077
8760.60000001444
8829.60000001469
8832.800000014702
8840.60000001473
8841.400000014733
8861.800000014808
8958.40000001516
9081.200000015606
9094.000000015652
9097.600000015666
9104.800000015692
9444.800000016929
9541.800000017281
9546.8000000173
9554.400000017327
9589.400000017455
9594.200000017472
9600.800000017496
9676.800000017773
9681.000000017788
9724.400000017946
9731.400000017971
9768.000000018104
9797.20000001821
9813.000000018268
9820.200000018294
9821.200000018298
9870.400000018477
9959.2000000188
9961.600000018809
9967.000000018828
9971.000000018843
9974.600000018856
9979.600000018874
9982.400000018884
9985.600000018896
10020.000000019021
10022.60000001903
10025.20000001904
10131.600000019427
10140.200000019458
10144.600000019474
10146.20000001948
10148.200000019488
10149.800000019493
10247.400000019848
10255.800000019879
10258.200000019888
10260.600000019896
10265.800000019915
10307.600000020067
10309.000000020073
10311.20000002008
10464.400000020638
10510.800000020807
10558.20000002098
10590.600000021097
10633.000000021251
10654.40000002133
10663.400000021362
10675.600000021406
10768.800000021745
10770.800000021753
10783.000000021797
10785.000000021804
10848.000000022033
10858.00000002207
10863.80000002209
11074.000000022856
11084.400000022893
11092.400000022923
11109.400000022984
11153.400000023144
11179.400000023239
11181.600000023247
11183.400000023254
11248.40000002349
11352.400000023868
11368.000000023925
11429.80000002415
11486.000000024354
11489.400000024367
11494.000000024384
11499.200000024402
11528.400000024509
11535.000000024533
11536.600000024539
11573.800000024674
11683.600000025073
11685.20000002508
11706.000000025155
11784.800000025441
11787.20000002545
11788.200000025454
11806.60000002552
12025.600000026318
12033.000000026344
12051.20000002641
12053.80000002642
12056.40000002643
12058.800000026438
12072.80000002649
12074.800000026496
12211.000000026992
12219.800000027024
12295.8000000273
12307.400000027343
12309.800000027351
12650.20000002859
12654.800000028607
12661.600000028631
12663.000000028636
12667.800000028654
12687.400000028725
12724.800000028861
12727.40000002887
13173.600000030494
13176.800000030506
13203.0000000306
13204.000000030604
13205.40000003061
13481.600000031614
13567.000000031925
13588.400000032003
13593.800000032023
13639.60000003219
13657.200000032253
13659.400000032261
13660.600000032266
13672.000000032307
13674.000000032314
13679.600000032335
13694.000000032387
13697.200000032399
13702.400000032418
13710.800000032448
13726.800000032506
13857.00000003298
13866.800000033016
13991.000000033468
13994.800000033481
14059.400000033716
14061.400000033724
14068.60000003375
14078.200000033785
14093.000000033839
14104.40000003388
14113.200000033912
14119.000000033933
14136.800000033998
14165.200000034101
14272.400000034491
14283.00000003453
14318.000000034657
14322.600000034674
14337.200000034727
14338.20000003473
14349.00000003477
14387.60000003491
14390.00000003492
14392.400000034928
14398.800000034951
14402.800000034966
14422.000000035036
14425.000000035046
14450.60000003514
14465.000000035192
14610.00000003572
14754.600000036246
14769.6000000363
14853.600000036606
14958.800000036988
15199.200000037863
15202.000000037873
15213.400000037915
15268.200000038114
15323.600000038316
15391.600000038563
15395.400000038577
15643.200000039478
15739.000000039827
15773.400000039952
15891.00000004038
15896.4000000404
15911.600000040455
15914.800000040466
15924.600000040502
15926.200000040508
15983.600000040717
15984.40000004072
15990.00000004074
16044.600000040939
16131.800000041256
16133.800000041263
16136.200000041272
16146.60000004131
16157.400000041349
16163.800000041372
16184.200000041446
16206.000000041526
16207.40000004153
16213.600000041553
16215.60000004156
16223.80000004159
16242.600000041659
16259.000000041719
16274.400000041775
16291.600000041837
16293.600000041844
16302.200000041876
16304.400000041884
16319.80000004194
16325.40000004196
16336.800000042002
16352.000000042057
16357.000000042075
16378.600000042154
16391.00000004207
16399.600000041944
16429.800000041505
16435.400000041423
16441.000000041342
16462.200000041033
16510.800000040326
16511.600000040315
16664.60000003809
16707.00000003747
16712.60000003739
16718.00000003731
16729.80000003714
16731.80000003711
16736.400000037043
16740.200000036988
16883.8000000349
16954.600000033868
16959.000000033804
16967.000000033688
16971.800000033618
17064.000000032276
17068.60000003221
17074.600000032122
17108.600000031627
17110.200000031604
17120.20000003146
17128.800000031333
17143.800000031115
17296.80000002889
17309.00000002871
17314.000000028638
17315.400000028618
17420.800000027084
17436.600000026854
17444.40000002674
17448.60000002668
17452.00000002663
17460.800000026502
17462.000000026484
17470.800000026356
17487.400000026115
17489.400000026086
17493.000000026033
17498.600000025952
17612.80000002429
17621.600000024162
17623.20000002414
17634.20000002398
17712.000000022847
17720.60000002272
17732.600000022547
17736.40000002249
17746.00000002235
17751.60000002227
17753.00000002225
17880.600000020393
17912.600000019927
17925.800000019735
18039.200000018085
18043.00000001803
18051.000000017913
18058.20000001781
18059.200000017794
18064.20000001772
18067.00000001768
18069.80000001764
18071.80000001761
18072.800000017596
18073.80000001758
18079.4000000175
18083.400000017442
18089.200000017358
18090.200000017343
18095.20000001727
18106.20000001711
18107.60000001709
18113.800000017
18135.600000016682
18152.000000016444
18225.20000001538
18227.000000015352
18236.20000001522
18243.400000015114
18263.60000001482
18383.400000013076
18399.200000012846
18417.60000001258
18493.20000001148
18583.600000010163
18728.400000008056
18745.40000000781
18752.20000000771
18762.40000000756
18886.80000000575
18903.600000005506
18916.000000005326
18932.80000000508
18974.000000004482
18982.000000004366
18986.6000000043
18992.400000004214
19030.000000003667
19097.80000000268
19105.40000000257
19117.600000002392
19131.000000002197
19195.200000001263
19197.800000001225
19201.00000000118
19205.400000001115
19221.800000000876
19223.400000000853
19423.399999997942
19428.799999997864
19434.199999997785
19438.999999997715
19450.39999999755
19452.599999997517
19656.999999994543
19733.999999993423
19743.399999993286
19751.99999999316
19782.799999992712
19858.59999999161
19860.399999991583
19882.999999991254
19899.79999999101
19905.99999999092
19921.999999990687
19933.599999990518
19952.79999999024
19989.599999989703
20014.199999989345
20074.799999988463
20220.59999998634
20287.199999985372
20293.59999998528
20395.799999983792
20638.39999998026
20639.99999998024
20652.599999980055
20659.599999979953
20668.599999979822
20673.399999979752
20694.79999997944
20729.599999978935
20768.799999978364
20771.399999978326
20772.399999978312
20866.999999976935
20875.399999976813
20965.5999999755
20994.199999975084
21000.999999974985
21027.599999974598
21031.399999974543
21032.599999974525
21035.399999974485
21053.59999997422
21056.39999997418
21071.999999973952
21130.199999973105
21141.199999972945
21148.199999972843
21152.399999972782
21161.799999972645
21175.79999997244
21179.39999997239
21187.59999997227
21191.399999972215
21194.799999972165
21196.199999972145
21206.999999971988
21215.399999971865
21231.399999971632
21235.999999971566
21240.799999971496
21242.799999971467
21244.399999971443
21247.3999999714
21461.599999968283
21472.999999968117
21489.399999967878
21490.59999996786
21495.999999967782
21544.19999996708
21559.199999966862
21561.799999966825
21630.19999996583
21632.599999965794
21649.799999965544
21750.599999964077
21751.999999964057
21761.199999963923
21763.199999963894
21781.99999996362
21887.79999996208
21900.79999996189
21902.799999961862
21957.399999961068
21958.59999996105
21960.399999961024
21964.79999996096
21965.999999960943
22020.199999960154
22089.99999995914
22104.599999958926
22114.59999995878
22118.79999995872
22123.59999995865
22127.199999958597
22132.199999958524
22159.799999958122
22225.99999995716
22241.999999956926
22251.99999995678
22253.39999995676
22255.999999956723
22283.59999995632
22354.599999955288
22364.399999955145
22548.99999995246
22628.999999951295
22665.199999950768
22668.59999995072
22670.399999950692
22676.7999999506
22697.3999999503
22708.599999950136
22717.99999995
22718.799999949988
22729.59999994983
22763.99999994933
22856.19999994799
22875.799999947703
22891.999999947468
22920.999999947046
23063.799999944968
23180.599999943268
23189.199999943143
23333.59999994104
23602.39999993713
23887.199999932986
23893.399999932895
23933.199999932316
23936.99999993226
23953.199999932025
23956.39999993198
24010.59999993119
24011.599999931175
24016.599999931103
24022.19999993102
24186.39999992863
24191.19999992856
24201.999999928405
24208.999999928303
24235.19999992792
24244.399999927788
24248.799999927724
24251.79999992768
24256.399999927613
24263.599999927508
24705.799999921073
24708.599999921033
24885.99999991845
24888.19999991842
24890.399999918387
24891.59999991837
24900.799999918236
24904.59999991818
24906.399999918154
24911.999999918073
24930.199999917808
24931.599999917787
24937.799999917697
25021.199999916484
25026.9999999164
25030.599999916347
25069.59999991578
25072.39999991574
25191.399999914007
25199.599999913888
25205.5999999138
25207.399999913774
25318.599999912156
25325.19999991206
25330.399999911984
25336.599999911894
25342.799999911804
25352.199999911667
25439.599999910395
25448.399999910267
25451.399999910223
25458.59999991012
25531.39999990906
25534.19999990902
25537.399999908972
25604.399999907997
25608.599999907936
25615.999999907828
25671.999999907013
25678.799999906914
25766.799999905634
25800.79999990514
25808.39999990503
25985.399999902453
25989.999999902386
26145.199999900127
26153.599999900005
26164.99999989984
26362.79999989696
26527.999999894557
26596.799999893556
26681.59999989232
26700.99999989204
26713.19999989186
26716.999999891807
26721.199999891745
26724.99999989169
26819.399999890316
26822.999999890264
26826.399999890215
26829.999999890162
26945.59999988848
26951.599999888393
26956.199999888326
26962.79999988823
26965.199999888195
26968.99999988814
27025.99999988731
27034.799999887182
27039.79999988711
27048.199999886987
27052.19999988693
27339.39999988275
27343.39999988269
27354.999999882522
27374.39999988224
27416.99999988162
27424.59999988151
27428.79999988145
27430.999999881416
27432.599999881393
27436.599999881335
27441.79999988126
27452.999999881096
27535.399999879897
27546.399999879737
27555.7999998796
27649.99999987823
27660.799999878072
27665.799999878
27669.99999987794
27727.5999998771
27742.199999876888
27743.199999876873
27761.39999987661
27770.99999987647
27786.59999987624
27793.399999876143
27795.399999876114
27809.599999875907
27812.399999875866
27909.599999874452
27913.399999874397
27914.799999874376
27955.599999873783
27956.799999873765
27959.399999873727
27967.999999873602
27975.59999987349
27979.399999873436
28008.79999987301
28010.399999872985
28011.199999872973
28020.799999872834
28025.399999872767
28030.399999872694
28040.799999872543
28356.599999867947
28359.7999998679
28371.399999867732
28375.399999867674
28388.199999867487
28543.19999986523
28564.799999864917
28598.19999986443
28610.199999864257
28614.79999986419
28624.799999864044
28629.79999986397
28631.39999986395
28642.19999986379
28647.999999863707
28655.99999986359
28663.59999986348
28682.19999986321
28701.99999986292
28829.19999986107
28960.39999985916
28964.399999859103
28966.999999859065
29005.7999998585
29014.599999858372
29026.799999858194
29029.19999985816
29038.19999985803
29042.399999857967
29263.39999985475
29271.599999854632
29273.999999854597
29300.199999854216
29305.99999985413
29307.39999985411
29311.59999985405
29368.59999985322
29370.999999853186
29393.799999852854
29397.999999852793
29405.79999985268
29411.799999852592
29431.19999985231
29443.799999852126
29478.999999851614
29499.79999985131
29511.59999985114
29525.39999985094
29827.79999984654
29844.599999846294
29845.999999846274
29853.79999984616
29855.999999846128
30003.799999843977
30017.199999843782
30022.19999984371
30041.199999843433
30047.999999843334
30086.19999984278
30240.199999840537
30244.79999984047
30254.799999840325
30332.399999839196
30432.799999837735
30466.599999837243
30479.79999983705
30481.19999983703
30482.799999837007
30484.59999983698
30516.99999983651
30538.599999836195
30655.79999983449
30667.199999834324
30668.999999834297
30693.59999983394
30704.999999833773
30794.999999832464
30803.999999832333
30817.799999832132
30820.999999832085
30822.399999832065
30837.599999831844
30844.399999831745
30854.99999983159
30856.99999983156
30857.999999831547
30859.999999831518
30865.99999983143
30888.7999998311
30889.599999831087
30897.399999830974
30900.39999983093
30902.3999998309
30907.99999983082
30943.7999998303
31165.799999827068
31167.59999982704
31232.99999982609
31239.399999825997
31242.999999825945
31299.799999825118
31302.799999825074
31319.799999824827
31343.59999982448
31344.599999824466
31399.19999982367
31403.599999823608
31697.59999981933
31726.799999818904
31829.59999981741
32023.19999981459
32034.799999814422
32102.799999813433
32112.799999813287
32152.999999812702
32153.999999812688
32171.199999812437
32195.399999812085
32582.799999806448
33326.59999979563
33333.79999979553
33345.39999979536
33369.39999979501
33416.59999979432
33419.799999794275
33432.199999794095
33480.199999793396
33481.79999979337
33485.19999979332
33489.199999793265
33673.59999979058
33699.19999979021
33705.99999979011
33710.59999979004
33712.19999979002
33716.79999978995
33719.99999978991
33725.99999978982
33728.79999978978
33739.79999978962
33765.399999789246
33767.79999978921
33790.79999978888
33795.39999978881
33814.79999978853
33823.799999788396
33824.599999788385
33828.19999978833
33835.79999978822
33846.19999978807
33847.199999788056
33855.59999978793
33996.399999785885
34007.59999978572
34014.39999978562
34022.399999785506
34029.7999997854
34032.99999978535
34047.59999978514
34094.39999978446
34098.99999978439
34103.39999978433
34164.99999978343
34197.19999978296
34203.199999782875
34221.59999978261
34241.19999978232
34258.39999978207
34274.19999978184
34287.99999978164
34291.39999978159
34295.39999978153
34304.3999997814
34305.599999781385
34306.999999781365
34359.99999978059
34370.99999978043
34380.79999978029
34387.59999978019
34394.59999978009
34396.59999978006
34399.19999978002
34405.39999977993
34417.599999779755
34496.9999997786
34721.79999977533
34731.599999775186
34737.799999775096
34739.59999977507
34741.199999775046
34777.799999774514
34780.59999977447
35012.99999977109
35018.59999977101
35022.19999977096
35042.79999977066
35050.599999770544
35072.39999977023
35186.39999976857
35307.9999997668
35540.99999976341
35544.599999763355
35545.399999763344
35572.99999976294
35597.79999976258
35617.59999976229
35631.39999976209
35638.19999976199
35701.39999976107
35703.79999976104
35712.39999976091
35798.39999975966
35802.7999997596
35809.799999759496
35825.99999975926
35830.1999997592
35838.39999975908
35968.19999975719
35969.999999757165
35971.399999757145
35991.79999975685
35995.399999756795
36016.59999975649
36316.399999752124
36509.99999974931
36518.399999749185
36532.799999748975
36543.39999974882
36554.799999748655
36555.79999974864
36563.99999974852
36571.999999748405
36676.79999974688
36727.79999974614
36731.79999974608
36733.99999974605
36742.19999974593
36745.59999974588
36907.999999743515
36924.39999974328
36970.19999974261
36987.99999974235
37002.39999974214
37024.59999974182
37028.199999741766
37036.39999974165
37174.99999973963
37175.999999739615
37182.199999739525
37187.19999973945
37201.59999973924
37203.99999973921
37269.59999973825
37277.59999973814
37278.79999973812
37286.599999738006
37292.59999973792
37295.599999737875
37368.99999973681
37375.399999736714
37376.1999997367
37386.19999973656
37390.99999973649
37430.79999973591
37432.399999735884
37437.9999997358
37442.79999973573
37548.79999973419
37552.79999973413
37558.39999973405
37673.39999973238
37689.999999732136
37767.999999731
37869.399999729525
37887.39999972926
37904.399999729016
37909.59999972894
37915.59999972885
37922.19999972876
37926.99999972869
37931.39999972862
37967.3999997281
37968.399999728084
37971.19999972804
37975.79999972798
37989.39999972778
38135.59999972565
38167.99999972518
38280.59999972354
38283.3999997235
38296.59999972331
38309.59999972312
38311.59999972309
38336.79999972272
38698.39999971746
38706.59999971734
38742.199999716824
38746.199999716766
38747.19999971675
38748.79999971673
38761.19999971655
38763.79999971651
38772.19999971639
38775.199999716344
38866.99999971501
38882.19999971479
38886.79999971472
38925.79999971415
39035.599999712555
39275.79999970906
39288.399999708876
39292.39999970882
39294.79999970878
39297.59999970874
39300.99999970869
39316.79999970846
39318.19999970844
39319.79999970842
39321.399999708396
39336.99999970817
39338.599999708145
39396.19999970731
39426.599999706865
39428.39999970684
39431.59999970679
39442.999999706626
39451.999999706495
39501.79999970577
39514.79999970558
39521.19999970549
39910.999999699816
39919.999999699685
