30.40000000010016
33.80000000010021
150.00000000009575
157.40000000009533
167.20000000009478
171.00000000009456
175.8000000000943
253.40000000008988
261.800000000091
269.2000000000927
272.6000000000935
280.00000000009516
339.2000000001086
368.2000000001152
372.40000000011617
451.6000000001342
453.20000000013454
460.6000000001362
492.00000000014336
499.200000000145
513.8000000001483
571.0000000001613
591.400000000166
600.200000000168
606.2000000001693
608.6000000001699
626.2000000001739
639.4000000001769
661.2000000001818
681.6000000001865
683.0000000001868
801.0000000002136
838.000000000222
849.8000000002247
929.4000000002428
975.0000000002532
980.0000000002543
981.6000000002547
1017.4000000002628
1018.200000000263
1027.4000000002611
1028.60000000026
1036.200000000253
1046.6000000002437
1047.400000000243
1065.4000000002266
1068.6000000002236
1086.6000000002073
1091.0000000002033
1095.0000000001996
1097.6000000001973
1108.0000000001878
1112.8000000001834
1141.4000000001574
1161.8000000001389
1224.400000000082
1243.8000000000643
1273.0000000000377
1290.400000000022
1369.7999999999497
1404.599999999918
1494.799999999836
1501.7999999998297
1529.7999999998042
1573.3999999997645
1575.9999999997622
1581.1999999997574
1640.1999999997038
1651.3999999996936
1669.9999999996767
1676.3999999996709
1679.7999999996678
1681.3999999996663
1686.7999999996614
1696.5999999996525
1719.199999999632
1722.1999999996292
1732.7999999996196
1742.199999999611
1744.7999999996086
1753.3999999996008
1777.9999999995784
1780.9999999995757
1783.7999999995732
1799.399999999559
1806.7999999995523
1809.39999999955
1821.1999999995392
1849.999999999513
1939.5999999994315
2245.799999999153
2248.5999999991504
2256.599999999143
2258.5999999991413
2354.9999999990537
2388.9999999990227
2391.79999999902
2442.599999998974
2446.3999999989705
2510.799999998912
2518.599999998905
2524.999999998899
2534.99999999889
2539.199999998886
2547.5999999988785
2553.399999998873
2556.3999999988705
2557.999999998869
2561.5999999988658
2566.999999998861
2647.5999999987876
2659.9999999987763
2661.7999999987746
2666.79999999877
2678.999999998759
2685.399999998753
2690.5999999987484
2700.799999998739
2722.799999998719
2821.999999998629
2825.7999999986255
2904.9999999985534
2906.1999999985524
3024.5999999984447
3025.9999999984434
3030.1999999984396
3038.7999999984318
3174.5999999983082
3185.999999998298
3198.999999998286
3392.59999999811
3396.999999998106
3399.7999999981034
3415.1999999980894
3419.999999998085
3426.599999998079
3435.599999998071
3443.399999998064
3479.399999998031
3494.799999998017
3497.7999999980143
3528.999999997986
3621.9999999979013
3633.9999999978904
3637.799999997887
3667.7999999978597
3722.19999999781
3727.999999997805
3752.7999999977824
3791.799999997747
3926.1999999976247
3929.5999999976216
3975.39999999758
3985.7999999975705
3992.3999999975645
3997.7999999975596
4014.5999999975443
4025.1999999975346
4099.599999997483
4101.999999997492
4108.799999997516
4115.19999999754
4128.99999999759
4215.799999997906
4259.799999998066
4263.399999998079
4668.399999999552
4672.799999999568
4727.399999999767
4796.400000000018
4824.800000000121
4833.000000000151
4841.4000000001815
4845.8000000001975
4852.600000000222
4860.20000000025
4863.800000000263
4879.000000000318
4887.400000000349
4897.2000000003845
4899.800000000394
4923.800000000481
4927.000000000493
4950.400000000578
5012.600000000804
5014.400000000811
5024.400000000847
5213.400000001535
5238.800000001627
5248.400000001662
5255.200000001687
5273.800000001755
5296.000000001835
5309.400000001884
5412.60000000226
5431.800000002329
5438.000000002352
5481.800000002511
5486.600000002529
5489.0000000025375
5505.400000002597
5516.800000002639
5553.400000002772
5706.000000003327
5770.00000000356
5782.400000003605
5785.200000003615
5794.200000003648
5811.600000003711
5813.000000003716
5835.000000003796
5841.800000003821
5852.800000003861
5854.6000000038675
5855.40000000387
5878.000000003953
5942.600000004188
5945.600000004199
5947.600000004206
5958.600000004246
5960.200000004252
5976.20000000431
5981.80000000433
5985.200000004343
5987.20000000435
5992.60000000437
5996.200000004383
5997.600000004388
6041.000000004546
6110.600000004799
6186.400000005075
6265.200000005361
6272.600000005388
6273.400000005391
6275.600000005399
6291.400000005457
6304.600000005505
6323.8000000055745
6471.00000000611
6473.200000006118
6485.800000006164
6506.200000006238
6594.200000006558
6598.600000006574
6695.800000006928
6700.4000000069445
6773.40000000721
6783.600000007247
6789.600000007269
6804.600000007324
6808.600000007338
6810.400000007345
6903.200000007682
7132.400000008516
7145.800000008565
7152.80000000859
7157.400000008607
7169.800000008652
7215.000000008817
7232.40000000888
7235.20000000889
7239.800000008907
7284.000000009068
7292.000000009097
7329.000000009231
7337.200000009261
7340.000000009271
7348.200000009301
7361.60000000935
7378.8000000094125
7391.600000009459
7393.800000009467
7433.20000000961
7435.000000009617
7474.40000000976
7721.400000010659
7744.000000010741
7749.6000000107615
7788.200000010902
7791.800000010915
7810.200000010982
7811.800000010988
7825.000000011036
7869.200000011197
7901.400000011314
7902.600000011318
7907.000000011334
7908.000000011338
7940.800000011457
8276.000000012677
8335.600000012893
8341.000000012913
8373.20000001303
8389.000000013088
8390.600000013093
8396.200000013114
8494.20000001347
8509.000000013524
8520.400000013566
8530.800000013603
8568.800000013742
8573.400000013758
8582.00000001379
8583.600000013796
8585.200000013801
8591.800000013825
8674.000000014124
8678.800000014142
8679.800000014146
8692.20000001419
8709.000000014252
8714.20000001427
8735.000000014346
8759.600000014436
8764.200000014453
8777.800000014502
8806.400000014606
8807.40000001461
8856.80000001479
9020.400000015385
9292.200000016373
9379.00000001669
9382.600000016702
9395.80000001675
9398.200000016759
9402.200000016774
9453.40000001696
9466.000000017006
9470.00000001702
9522.600000017212
9804.600000018238
9856.600000018427
9862.400000018448
9891.600000018554
9892.600000018558
10159.400000019528
10160.600000019533
10318.000000020105
10409.200000020437
10411.400000020445
10433.000000020524
10513.800000020818
10582.400000021067
10586.600000021082
10590.800000021098
10609.800000021167
10631.800000021247
10723.20000002158
10727.600000021595
10732.200000021612
10733.000000021615
10777.800000021778
10796.600000021846
10890.200000022187
11029.600000022694
11152.40000002314
11252.400000023505
11253.200000023508
11260.600000023534
11262.800000023542
11267.40000002356
11269.200000023566
11275.400000023588
11292.20000002365
11298.800000023673
11316.800000023739
11326.200000023773
11335.200000023806
11342.600000023833
11349.200000023857
11365.400000023916
11443.6000000242
11452.200000024231
11529.200000024512
11554.000000024602
11634.800000024896
11637.000000024904
11799.800000025496
11808.400000025527
11812.00000002554
11819.000000025566
11823.00000002558
11976.60000002614
11980.200000026152
12067.40000002647
12105.80000002661
12152.200000026778
12169.20000002684
12341.000000027465
12481.600000027976
12483.000000027982
12494.600000028024
12497.600000028035
12504.000000028058
12508.800000028075
12516.200000028102
12547.800000028217
12556.80000002825
12563.400000028274
12569.000000028294
12583.400000028347
12591.400000028376
12592.40000002838
12602.400000028416
12609.20000002844
12621.000000028484
12625.200000028499
12638.800000028548
12643.400000028565
12646.800000028577
12650.20000002859
12653.400000028601
12661.800000028632
12663.600000028639
12665.200000028644
12682.800000028708
12753.600000028966
12966.800000029742
12985.000000029808
12996.60000002985
13031.400000029977
13032.20000002998
13037.200000029998
13048.000000030037
13050.800000030047
13056.600000030068
13067.800000030109
13173.400000030493
13175.800000030502
13218.800000030658
13229.200000030696
13230.2000000307
13329.20000003106
13335.200000031082
13340.4000000311
13358.000000031165
13443.800000031477
13450.600000031502
13453.600000031513
13463.400000031548
13472.20000003158
13475.600000031593
13489.000000031641
13493.400000031657
13918.600000033204
13920.20000003321
13924.600000033226
13926.000000033231
13996.000000033486
13999.400000033498
14011.400000033542
14015.800000033558
14022.00000003358
14171.000000034122
14294.00000003457
14333.600000034714
14338.800000034733
14347.200000034763
14350.200000034774
14357.4000000348
14477.600000035238
14484.600000035263
14500.40000003532
14501.400000035324
14502.600000035329
14510.200000035356
14512.200000035364
14527.400000035419
14528.400000035423
14577.2000000356
14614.200000035735
14618.40000003575
14626.40000003578
14628.600000035787
14711.200000036088
14720.400000036121
14757.000000036254
14782.600000036347
14786.400000036361
14844.600000036573
14979.800000037065
15027.400000037238
15028.20000003724
15111.400000037544
15308.000000038259
15397.200000038583
15404.40000003861
15428.400000038697
15433.800000038716
15442.80000003875
15450.800000038778
15452.000000038783
15538.000000039096
15540.000000039103
15546.800000039128
15576.200000039235
15591.800000039291
15598.000000039314
15599.200000039318
15622.000000039401
15711.800000039728
15723.000000039769
15725.600000039778
15729.800000039793
15753.60000003988
15795.400000040032
15852.80000004024
16001.400000040781
16021.400000040854
16198.600000041499
16213.800000041554
16216.800000041565
16225.200000041596
16232.600000041622
16247.200000041676
16256.400000041709
16269.800000041758
16573.00000003942
16578.00000003935
16586.400000039226
16590.600000039165
16597.600000039063
16605.40000003895
16606.200000038938
16662.40000003812
16682.40000003783
16691.600000037695
16700.80000003756
16738.60000003701
16742.600000036953
16744.20000003693
16751.200000036828
16755.600000036764
16757.600000036735
16766.600000036604
16850.400000035384
16856.2000000353
16894.400000034744
16922.80000003433
16931.400000034206
16933.80000003417
16940.600000034072
16957.400000033827
16981.600000033475
16985.40000003342
16988.000000033382
17005.40000003313
17009.000000033077
17010.600000033053
17042.40000003259
17043.80000003257
17048.200000032506
17054.600000032413
17062.800000032294
17117.200000031502
17120.20000003146
17121.800000031435
17181.400000030568
17203.600000030245
17228.00000002989
17240.200000029712
17248.800000029587
17252.200000029537
17255.800000029485
17275.200000029203
17276.400000029185
17291.000000028973
17297.40000002888
17302.600000028804
17310.600000028688
17314.000000028638
17329.400000028414
17339.000000028274
17343.800000028205
17355.400000028036
17367.60000002786
17371.00000002781
17387.000000027576
17389.000000027547
17611.200000024313
17615.400000024252
17741.000000022425
17744.00000002238
17763.000000022104
17837.200000021025
17839.400000020993
17844.200000020923
17853.40000002079
17855.600000020757
17862.20000002066
17870.800000020536
17889.80000002026
17895.600000020175
17908.600000019986
17910.800000019954
17917.400000019858
17919.600000019826
18009.600000018516
18013.40000001846
18030.60000001821
18032.80000001818
18038.80000001809
18045.400000017995
18049.000000017943
18062.400000017748
18063.400000017733
18069.20000001765
18078.400000017515
18094.60000001728
18131.00000001675
18137.400000016656
18151.200000016455
18183.20000001599
18185.80000001595
18190.200000015888
18364.00000001336
18574.400000010297
18581.0000000102
18584.200000010154
18587.800000010102
18648.800000009214
18654.00000000914
18708.600000008344
18723.800000008123
18819.60000000673
18833.000000006534
18839.600000006438
18851.80000000626
18869.200000006007
18875.20000000592
18876.200000005905
18877.600000005885
18916.800000005314
18929.000000005137
18930.000000005122
18953.800000004776
18954.80000000476
18965.400000004607
19002.40000000407
19003.200000004057
19023.60000000376
19100.00000000265
19101.000000002634
19106.20000000256
19114.600000002436
19118.000000002387
19141.000000002052
19258.400000000343
19261.800000000294
19262.80000000028
19267.00000000022
19332.399999999267
19341.79999999913
19345.79999999907
19916.39999999077
19917.199999990757
19925.19999999064
19969.599999989994
19972.399999989953
19975.799999989904
19976.999999989886
19978.399999989866
20021.199999989243
20029.199999989127
20034.199999989054
20050.39999998882
20052.599999988786
20053.79999998877
20054.599999988757
20058.799999988696
20107.19999998799
20111.999999987922
20143.599999987462
20146.799999987416
20161.399999987203
20201.199999986624
20287.39999998537
20318.19999998492
20321.599999984872
20477.199999982608
20518.799999982002
20889.9999999766
20894.999999976528
20900.99999997644
20902.39999997642
20907.399999976347
20908.59999997633
20962.19999997555
20964.99999997551
20968.799999975454
20975.799999975352
20978.399999975314
21018.59999997473
21020.5999999747
21033.399999974514
21180.59999997237
21189.399999972244
21202.399999972055
21204.999999972017
21216.799999971845
21232.99999997161
21240.5999999715
21242.799999971467
21248.599999971382
21266.199999971126
21283.79999997087
21348.599999969927
21358.199999969787
21402.59999996914
21407.799999969066
21409.59999996904
21412.199999969
21418.59999996891
21422.399999968853
21425.599999968807
21436.599999968646
21440.999999968582
21441.999999968568
21456.799999968352
21489.599999967875
21676.19999996516
21687.999999964988
21730.799999964365
21744.399999964167
21745.199999964156
21750.199999964083
21762.19999996391
21765.199999963865
21772.599999963757
21788.99999996352
21789.799999963507
21810.9999999632
21884.599999962127
21958.59999996105
21964.19999996097
21973.999999960826
21977.399999960777
21978.59999996076
22005.39999996037
22014.39999996024
22031.39999995999
22038.599999959886
22048.799999959738
22050.399999959714
22059.59999995958
22066.59999995948
22079.199999959295
22082.39999995925
22092.799999959097
22106.799999958894
22108.99999995886
22113.599999958795
22114.799999958777
22122.19999995867
22158.399999958143
22167.799999958006
22173.999999957916
22274.399999956455
22282.799999956333
22305.999999955995
22310.199999955934
22314.59999995587
22323.199999955745
22337.799999955532
22342.19999995547
22360.999999955195
22368.599999955084
22468.799999953626
22476.599999953512
22477.599999953498
22488.999999953332
22508.99999995304
22518.399999952904
22647.19999995103
22677.799999950585
22686.799999950454
22697.199999950302
22713.399999950067
22718.59999994999
22804.399999948742
22805.799999948722
23003.19999994585
23007.39999994579
23010.399999945745
23012.399999945716
23024.39999994554
23042.39999994528
23058.999999945037
23066.799999944924
23098.199999944467
23113.79999994424
23119.39999994416
23131.399999943984
23134.199999943943
23135.599999943923
23147.199999943754
23149.59999994372
23155.399999943635
23165.99999994348
23226.799999942596
23238.79999994242
23263.999999942054
23278.59999994184
23283.59999994177
23289.199999941688
23298.399999941554
23303.599999941478
23378.199999940392
23384.5999999403
23416.599999939834
23419.59999993979
23424.99999993971
23468.199999939083
23547.199999937933
23550.599999937884
23557.599999937782
23565.39999993767
23627.19999993677
23631.599999936705
23687.199999935896
23708.599999935584
23722.799999935378
23730.399999935267
23738.199999935154
23739.399999935136
23742.199999935096
23745.199999935052
23749.199999934994
23751.799999934956
23870.799999933224
23877.399999933128
23897.79999993283
23967.599999931816
23969.599999931786
23977.59999993167
23979.59999993164
24001.799999931318
24004.199999931283
24005.19999993127
24185.999999928637
24202.599999928396
24243.799999927796
24251.399999927686
24253.999999927648
24292.199999927092
24311.59999992681
24374.999999925887
24383.199999925768
24396.399999925576
24401.5999999255
24476.199999924414
24479.19999992437
24482.199999924327
24483.799999924304
24630.99999992216
24632.199999922144
24742.199999920544
24819.99999991941
24826.39999991932
24829.999999919266
24971.19999991721
24977.39999991712
24987.79999991697
25001.999999916763
25003.999999916734
25014.999999916574
25019.199999916513
25024.599999916434
25072.19999991574
25080.59999991562
25091.199999915465
25139.999999914755
25161.399999914443
25168.59999991434
25177.39999991421
25179.59999991418
25188.999999914042
25341.399999911824
25347.79999991173
25384.1999999112
25388.799999911134
25408.599999910846
25629.199999907636
25632.39999990759
25639.799999907482
25651.59999990731
25652.799999907293
25657.79999990722
25674.599999906975
25761.999999905704
25775.19999990551
25782.19999990541
25789.599999905302
25809.199999905017
25843.99999990451
25847.799999904455
25851.999999904394
26077.999999901105
26081.599999901053
26091.39999990091
26096.399999900837
26173.99999989971
26299.999999897875
26307.99999989776
26310.199999897726
26315.599999897648
26407.199999896315
26408.79999989629
26518.399999894697
26526.99999989457
26541.999999894353
26548.799999894254
26550.199999894234
26554.199999894176
26566.199999894
26582.399999893765
26583.999999893742
26651.39999989276
26656.599999892685
26663.999999892578
26669.599999892496
26719.799999891766
26723.199999891716
26740.79999989146
26751.7999998913
26758.399999891204
26770.599999891027
26785.39999989081
26794.99999989067
26946.99999988846
26948.99999988843
26958.399999888294
27005.599999887607
27016.39999988745
27039.999999887106
27042.999999887063
27054.999999886888
27077.399999886562
27079.799999886527
27111.19999988607
27126.599999885846
27127.399999885834
27132.199999885765
27145.799999885567
27151.199999885488
27155.99999988542
27158.199999885386
27162.199999885328
27169.999999885214
27174.599999885148
27180.59999988506
27181.99999988504
27188.19999988495
27207.99999988466
27245.599999884114
27465.999999880907
27486.199999880613
27508.599999880287
27612.399999878777
27828.399999875634
27829.99999987561
27833.999999875552
27838.599999875485
27844.999999875392
27852.59999987528
27857.59999987521
28061.799999872237
28069.599999872124
28070.999999872103
28082.99999987193
28086.599999871876
28122.999999871347
28153.5999998709
28154.99999987088
28193.999999870313
28210.999999870066
28220.599999869926
28225.599999869853
28228.999999869804
28304.19999986871
28361.19999986788
28567.39999986488
28700.999999862936
28797.199999861536
28801.59999986147
28991.9999998587
28993.799999858675
29038.19999985803
29133.59999985664
29214.59999985546
29228.39999985526
29315.79999985399
29320.399999853922
29327.199999853823
29333.59999985373
29363.79999985329
29377.799999853087
29382.199999853023
29394.399999852845
29400.399999852758
29405.599999852682
29420.999999852458
29424.39999985241
29426.199999852382
29430.59999985232
29435.99999985224
29439.799999852185
29444.99999985211
29455.99999985195
29585.599999850063
29628.39999984944
29630.799999849405
29637.799999849303
29644.599999849204
29797.199999846984
29802.9999998469
29808.599999846818
29819.199999846664
29959.999999844615
30000.599999844024
30002.199999844
30004.99999984396
30052.799999843264
30072.599999842976
30073.79999984296
30074.99999984294
30103.399999842528
30145.599999841914
30298.39999983969
30300.59999983966
30303.599999839615
30304.5999998396
30310.999999839507
30312.19999983949
30313.999999839463
30316.599999839425
30328.199999839257
30329.99999983923
30526.399999836372
30572.799999835697
30576.599999835642
30578.399999835616
30584.39999983553
30585.199999835517
30597.799999835333
30614.799999835086
30626.599999834914
30630.799999834853
30632.199999834833
30634.799999834795
30670.19999983428
30672.399999834248
30673.399999834233
30686.399999834044
30690.999999833977
31032.799999829003
31035.19999982897
31059.399999828616
31061.99999982858
31126.999999827633
31131.39999982757
31132.999999827545
31137.199999827484
31149.599999827304
31196.799999826617
31209.399999826433
31243.799999825933
31301.999999825086
31406.399999823567
31421.799999823343
31422.59999982333
31424.999999823296
31552.59999982144
31553.79999982142
31554.999999821404
31678.19999981961
31845.39999981718
31855.399999817033
31856.39999981702
31858.799999816983
31889.599999816535
31897.39999981642
31899.799999816387
31904.799999816314
31905.7999998163
31913.799999816183
31925.199999816017
31960.999999815496
31968.599999815386
31980.999999815205
32051.599999814178
32054.599999814134
32097.799999813506
32123.199999813136
32126.199999813092
32131.399999813017
32142.19999981286
32149.59999981275
32164.999999812528
32170.199999812452
32171.59999981243
32194.99999981209
32223.19999981168
32228.199999811608
32230.399999811576
32308.599999810438
32334.399999810063
32336.799999810028
32337.599999810016
32361.39999980967
32362.999999809646
32428.999999808686
32433.399999808622
32435.59999980859
32510.3999998075
32544.19999980701
32866.19999980233
32950.9999998011
33000.99999980037
33020.19999980009
33066.79999979941
33069.399999799374
33073.99999979931
33074.99999979929
33082.59999979918
33090.599999799066
33095.79999979899
33108.599999798804
33144.999999798274
33146.59999979825
33147.39999979824
33149.19999979821
33156.599999798105
33197.799999797506
33202.39999979744
33205.99999979739
33207.19999979737
33225.5999997971
33427.19999979417
33434.39999979406
33446.39999979389
33663.39999979073
33682.59999979045
33704.399999790134
33705.79999979011
33960.7999997864
33964.19999978635
33977.39999978616
33984.99999978605
33996.79999978588
34006.19999978574
34011.399999785666
34022.9999997855
34030.99999978538
34087.39999978456
34088.399999784546
34146.5999997837
34324.199999781114
34327.39999978107
34328.999999781045
34351.99999978071
34369.39999978046
34371.99999978042
34544.799999777904
34551.599999777805
34553.79999977777
34561.999999777654
34566.59999977759
34569.99999977754
34787.399999774374
34824.399999773836
34948.199999772034
34948.99999977202
35057.399999770445
35093.39999976992
35109.39999976969
35112.79999976964
35119.999999769534
35125.79999976945
35128.199999769415
35130.79999976938
35140.599999769234
35144.599999769176
35146.19999976915
35148.799999769115
35171.399999768786
35182.19999976863
35188.599999768536
35193.59999976846
35207.39999976826
35219.19999976809
35221.99999976805
35246.999999767686
35248.79999976766
35252.39999976761
35321.7999997666
35329.599999766484
35332.999999766434
35342.1999997663
35348.19999976621
35369.7999997659
35380.79999976574
35498.99999976402
35662.99999976163
35684.199999761324
35743.999999760454
35755.39999976029
35768.1999997601
35783.59999975988
35790.79999975977
35798.59999975966
35815.999999759406
35895.19999975825
35965.39999975723
35967.7999997572
35979.99999975702
36319.39999975208
36320.59999975206
36367.99999975137
36446.79999975023
36452.79999975014
36463.59999974998
36479.99999974974
36481.59999974972
36524.99999974909
36559.599999748585
36572.3999997484
36574.59999974837
36579.79999974829
36585.799999748204
36596.19999974805
36599.599999748
36680.99999974682
36687.59999974672
36690.39999974668
36697.39999974658
36718.59999974627
36719.39999974626
36730.1999997461
36741.39999974594
36745.199999745884
36755.79999974573
36843.59999974445
36867.7999997441
36868.799999744086
36871.99999974404
36875.799999743984
36881.199999743905
37072.39999974112
37275.79999973816
37285.39999973802
37291.59999973793
37297.39999973785
37298.999999737825
37324.399999737456
37325.799999737435
37334.799999737304
37335.59999973729
37342.399999737194
37492.59999973501
37546.79999973422
37599.59999973345
37642.599999732825
37655.79999973263
37676.39999973233
37875.39999972944
37877.599999729406
37882.79999972933
37895.99999972914
37899.19999972909
37946.5999997284
37948.19999972838
37996.79999972767
38000.79999972761
38071.19999972659
38074.99999972653
38076.199999726516
38083.199999726414
38166.7999997252
38169.19999972516
38176.599999725055
38191.79999972483
38218.59999972444
38232.999999724234
38237.99999972416
38240.59999972412
38394.399999721885
38399.199999721815
38402.599999721766
38459.19999972094
38468.19999972081
38480.19999972064
38481.99999972061
38496.199999720404
38507.99999972023
38509.799999720206
38539.19999971978
38551.99999971959
38564.59999971941
38599.3999997189
38602.599999718856
38652.39999971813
38657.99999971805
38662.99999971798
38669.19999971789
38696.39999971749
38700.99999971742
38704.399999717374
38707.39999971733
38711.79999971727
38718.59999971717
38772.59999971638
38789.39999971614
38790.199999716126
38792.59999971609
38890.39999971467
39078.799999711926
39084.19999971185
39194.19999971025
39269.99999970914
39275.19999970907
39293.5999997088
39295.19999970878
39540.19999970521
39561.3999997049
39659.79999970347
39674.599999703256
39688.59999970305
39712.19999970271
39718.79999970261
39741.19999970229
39909.39999969984
39911.39999969981
39944.39999969933
39947.99999969928
39968.99999969897
39971.19999969894
39982.79999969877
39986.39999969872
