10.600000000099978
76.00000000009996
143.60000000009612
164.20000000009495
172.40000000009448
195.0000000000932
260.4000000000907
299.80000000009966
317.6000000001037
361.2000000001136
436.0000000001306
494.4000000001439
571.0000000001613
732.6000000001981
753.8000000002029
814.0000000002166
831.0000000002204
868.600000000229
936.8000000002445
995.8000000002579
1141.6000000001573
1165.000000000136
1193.2000000001103
1219.4000000000865
1236.0000000000714
1261.800000000048
1285.6000000000263
1304.600000000009
1423.399999999901
1435.9999999998895
1474.999999999854
1557.399999999779
1598.7999999997414
1675.7999999996714
1689.5999999996588
1698.199999999651
1714.599999999636
1797.5999999995606
1816.999999999543
1879.1999999994864
1908.7999999994595
1920.9999999994484
2044.1999999993363
2094.3999999992907
2109.9999999992765
2133.1999999992554
2159.799999999231
2198.9999999991956
2217.199999999179
2280.1999999991217
2446.1999999989707
2454.9999999989627
2506.399999998916
2524.999999998899
2588.799999998841
2655.79999999878
2709.599999998731
2763.1999999986824
2817.1999999986333
2851.399999998602
2869.7999999985855
2890.5999999985665
2943.799999998518
3031.3999999984385
3062.9999999984097
3072.399999998401
3101.5999999983746
3126.7999999983517
3138.399999998341
3160.9999999983206
3183.7999999983
3247.599999998242
3283.1999999982095
3375.5999999981254
3449.599999998058
3461.599999998047
3499.7999999980125
3529.799999997985
3577.7999999979415
3666.199999997861
3697.5999999978326
3841.7999999977014
3873.7999999976723
3972.199999997583
3987.399999997569
3997.39999999756
4038.999999997522
4099.199999997481
4122.399999997566
4160.7999999977055
4172.99999999775
4189.59999999781
4266.59999999809
4309.199999998245
4355.599999998414
4450.59999999876
4510.399999998977
4560.1999999991585
4616.599999999364
4634.999999999431
4671.199999999562
4712.799999999714
4737.1999999998025
4764.799999999903
4782.199999999966
4888.200000000352
4955.800000000598
4979.800000000685
5015.200000000814
5032.200000000876
5147.6000000012955
5165.40000000136
5199.600000001485
5249.200000001665
5268.0000000017335
5308.000000001879
5347.600000002023
5404.200000002229
5420.200000002287
5477.000000002494
5554.800000002777
5586.800000002893
5700.800000003308
5717.400000003368
5724.600000003395
5772.600000003569
5806.000000003691
5888.20000000399
5969.000000004284
5980.000000004324
6005.800000004418
6020.20000000447
6106.400000004784
6137.600000004897
6180.800000005054
6210.600000005163
6224.000000005211
6266.800000005367
6330.000000005597
6362.200000005714
6423.6000000059375
6455.800000006055
6515.4000000062715
6537.800000006353
6575.000000006488
6610.800000006619
6738.6000000070835
6838.600000007447
6885.000000007616
6965.000000007907
7057.400000008243
7145.200000008563
7170.800000008656
7186.200000008712
7209.400000008796
7319.000000009195
7341.800000009278
7402.8000000095
7416.800000009551
7435.000000009617
7461.000000009712
7493.200000009829
7544.600000010016
7566.600000010096
7600.80000001022
7640.2000000103635
7809.60000001098
7820.200000011018
7886.000000011258
7950.400000011492
8086.000000011985
8106.000000012058
8121.600000012115
8181.000000012331
8238.60000001254
8251.800000012588
8278.600000012686
8293.20000001274
8307.600000012791
8340.40000001291
8373.600000013032
8401.600000013133
8451.200000013314
8464.800000013363
8485.80000001344
8547.000000013662
8565.200000013729
8606.80000001388
8694.400000014199
8711.20000001426
8761.000000014441
8776.200000014496
8828.600000014687
8842.600000014738
8901.800000014953
8944.600000015109
8981.200000015242
8997.600000015302
9034.800000015437
9106.000000015696
9140.20000001582
9151.20000001586
9175.60000001595
9196.200000016024
9207.600000016066
9221.400000016116
9253.00000001623
9355.200000016603
9416.200000016825
9503.00000001714
9528.000000017231
9555.400000017331
9646.00000001766
9758.800000018071
9806.800000018246
9837.000000018355
9852.400000018411
9911.600000018627
9919.800000018657
9944.600000018747
9962.400000018812
9990.000000018912
10040.400000019095
10105.600000019333
10147.000000019483
10159.80000001953
10179.0000000196
10197.800000019668
10231.000000019789
10339.000000020182
10417.600000020468
10460.400000020623
10468.800000020654
10502.000000020775
10529.600000020875
10567.200000021012
10601.800000021138
10634.400000021256
10679.20000002142
10693.800000021472
10765.200000021732
10783.8000000218
10803.800000021873
10821.800000021938
10834.000000021982
10879.000000022146
10932.000000022339
10942.600000022378
11092.000000022921
11107.400000022977
11164.200000023184
11188.400000023272
11215.60000002337
11244.200000023475
11277.000000023594
11309.400000023712
11360.600000023898
11373.000000023943
11418.60000002411
11447.400000024214
11461.000000024263
11475.000000024314
11525.600000024499
11533.200000024526
11598.600000024764
11618.600000024837
11663.400000025
11727.400000025233
11736.800000025267
11784.000000025439
11792.40000002547
11813.800000025547
11890.400000025826
11932.000000025977
11953.000000026053
11973.600000026128
12017.000000026286
12034.40000002635
12089.200000026549
12151.600000026776
12224.800000027042
12235.20000002708
12325.200000027407
12344.600000027478
12374.000000027585
12458.00000002789
12488.800000028003
12499.400000028041
12524.200000028131
12576.00000002832
12682.000000028705
12708.400000028802
12728.600000028875
12841.600000029286
12909.000000029531
12959.600000029715
13010.600000029901
13032.20000002998
13049.800000030044
13069.600000030116
13105.000000030244
13188.80000003055
13268.000000030837
13335.600000031083
13380.800000031248
13417.20000003138
13456.800000031524
13495.000000031663
13520.600000031756
13555.600000031884
13572.800000031946
13586.000000031994
13649.000000032223
13725.0000000325
13744.800000032572
13766.40000003265
13799.20000003277
13860.200000032992
13873.000000033038
13885.800000033085
13910.400000033174
13957.200000033345
13973.400000033404
13994.000000033478
14034.800000033627
14055.400000033702
14068.000000033748
14086.800000033816
14159.800000034082
14171.400000034124
14269.800000034482
14296.200000034578
14320.600000034667
14389.400000034917
14441.200000035105
14524.400000035408
14660.600000035904
14727.400000036147
14803.200000036422
14823.400000036496
14834.200000036535
14983.80000003708
14997.80000003713
15012.000000037182
15029.200000037245
15047.600000037311
15074.80000003741
15091.600000037472
15110.800000037541
15134.200000037627
15167.000000037746
15179.20000003779
15204.200000037881
15267.800000038113
15282.400000038166
15319.2000000383
15342.000000038382
15411.200000038634
15424.200000038682
15441.000000038743
15531.00000003907
15596.400000039308
15625.400000039413
15680.000000039612
15715.800000039742
15732.200000039802
15776.200000039962
15796.600000040036
15917.800000040477
16082.400000041076
16119.600000041211
16173.400000041407
16181.800000041438
16413.60000004174
16434.800000041432
16485.2000000407
16521.400000040172
16561.000000039596
16630.20000003859
16685.20000003779
16697.000000037617
16732.6000000371
16770.600000036546
16780.400000036403
16790.20000003626
16844.40000003547
16878.000000034983
16913.800000034462
16948.600000033955
16973.0000000336
17057.000000032378
17199.400000030306
17212.000000030122
17253.800000029514
17284.20000002907
17309.8000000287
17378.600000027698
17423.600000027043
17435.200000026874
17458.600000026534
17497.200000025972
17530.000000025495
17579.400000024776
17599.600000024482
17637.000000023938
17658.000000023632
17810.400000021415
17947.40000001942
17971.60000001907
17983.80000001889
18006.400000018562
18164.200000016266
18186.60000001594
18200.200000015742
18219.200000015466
18295.600000014354
18311.00000001413
18330.80000001384
18386.800000013027
18449.20000001212
18612.60000000974
18634.00000000943
18681.200000008743
18706.20000000838
18800.40000000701
18813.800000006813
18944.800000004907
18968.400000004563
18992.200000004217
19012.400000003923
19093.400000002744
19192.200000001307
19204.200000001132
19216.400000000955
19230.200000000754
19343.399999999107
19408.199999998164
19451.599999997532
19462.599999997372
19510.599999996673
19546.59999999615
19575.99999999572
19650.599999994636
19711.59999999375
19777.799999992785
19907.799999990893
19929.599999990576
19952.999999990236
19973.799999989933
19996.999999989595
20006.99999998945
20049.59999998883
20152.399999987334
20176.199999986988
20192.199999986755
20239.599999986065
20276.199999985532
20291.59999998531
20309.39999998505
20335.39999998467
20348.199999984485
20431.399999983274
20454.99999998293
20465.99999998277
20484.199999982506
20502.199999982244
20582.599999981074
20602.19999998079
20650.599999980084
20738.999999978798
20793.999999977998
20894.599999976534
20915.199999976234
20927.999999976048
20969.999999975436
21000.799999974988
21117.39999997329
21181.199999972363
21272.399999971036
21285.399999970847
21313.39999997044
21426.999999968786
21482.599999967977
21509.399999967587
21544.599999967075
21651.199999965524
21689.799999964962
21724.99999996445
21736.59999996428
21763.39999996389
21783.799999963594
21871.39999996232
21924.599999961545
21980.999999960724
22037.199999959907
22112.199999958815
22140.199999958408
22170.599999957965
22272.999999956475
22347.999999955384
22363.99999995515
22471.799999953582
22555.599999952363
22594.99999995179
22622.39999995139
22669.19999995071
22782.999999949054
22879.599999947648
22958.999999946493
22987.199999946082
23024.599999945538
23033.599999945407
23066.39999994493
23080.399999944726
23114.799999944225
23133.79999994395
23157.999999943597
23202.999999942942
23214.599999942773
23222.39999994266
23244.199999942342
23284.99999994175
23362.399999940622
23425.599999939703
23440.399999939487
23473.799999939
23491.999999938736
23509.799999938477
23545.199999937962
23556.3999999378
23651.599999936414
23679.999999936
23712.599999935526
23742.799999935087
23786.199999934455
23796.999999934298
23847.199999933568
23878.399999933114
23906.599999932703
23993.199999931443
24046.39999993067
24061.999999930442
24166.59999992892
24209.1999999283
24222.19999992811
24234.799999927927
24265.59999992748
24273.999999927357
24308.999999926848
24359.79999992611
24403.199999925477
24414.399999925314
24468.99999992452
24522.59999992374
24626.599999922226
24659.599999921746
24711.999999920983
24726.399999920774
24743.19999992053
24756.99999992033
24903.399999918198
25026.799999916402
25093.199999915436
25198.199999913908
25245.999999913212
25278.599999912738
25303.19999991238
25350.399999911693
25375.599999911326
25492.79999990962
25519.999999909225
25562.599999908605
25620.59999990776
25664.59999990712
25687.799999906783
25701.79999990658
25747.19999990592
25761.999999905704
25893.999999903783
25978.79999990255
26017.599999901984
26050.999999901498
26100.99999990077
26164.599999899845
26174.999999899694
26190.599999899467
26201.599999899307
26221.599999899016
26284.999999898093
26380.199999896708
26394.199999896504
26405.999999896332
26447.599999895727
26457.399999895584
26621.1999998932
26644.59999989286
26658.199999892662
26790.99999989073
26911.599999888975
26933.99999988865
26963.599999888218
26990.99999988782
27035.59999988717
27045.599999887025
27103.799999886178
27116.399999885994
27130.39999988579
27154.999999885433
27202.59999988474
27236.99999988424
27386.79999988206
27478.599999880724
27546.599999879734
27559.99999987954
27579.79999987925
27741.3999998769
27802.59999987601
27893.79999987468
27913.599999874394
27927.799999874187
27940.799999873998
27964.999999873646
28015.199999872915
28056.599999872313
28242.799999869603
28255.99999986941
28284.399999868998
28355.399999867965
28384.59999986754
28405.399999867237
28443.999999866675
28456.199999866498
28480.999999866137
28541.399999865258
28585.19999986462
28611.199999864242
28622.39999986408
28707.999999862834
28770.399999861926
28893.999999860127
28928.79999985962
28949.39999985932
29047.199999857898
29077.99999985745
29090.99999985726
29135.199999856617
29166.799999856157
29182.39999985593
29220.19999985538
29254.399999854882
29314.39999985401
29329.999999853782
29353.59999985344
29396.599999852813
29479.599999851605
29529.599999850878
29644.599999849204
29658.999999848995
29695.199999848468
29917.399999845235
29981.5999998443
