169.24683285688872
2207.2717719804778
2609.2309910290446
2649.5170951057976
3178.5502921428297
3864.3617295120794
4952.690127761167
5713.166679736485
5999.5828967344105
8686.76134658185
8822.36703526784
9345.73621165238
9846.625971970743
10157.671697918739
10414.405552512708
10463.831036352862
11439.83454684229
11574.281698161998
11825.347204823967
12233.620063946732
12902.715735271671
16752.903595840216
18245.61077009538
18283.355440128416
18439.99093929377
18572.617362970683
18697.031759150635
19836.173596265977
20269.609344411514
21735.562449623012
22956.186425798365
23281.394440185875
24216.485203449145
24732.03699213145
27849.616701211315
28437.104870606243
29479.117151393366
