143.8000000000961
246.0000000000903
251.00000000009
263.6000000000914
269.2000000000927
274.20000000009384
356.6000000001126
357.40000000011275
361.80000000011376
369.4000000001155
381.0000000001181
388.60000000011985
390.80000000012035
440.4000000001316
454.8000000001349
458.2000000001357
461.4000000001364
635.0000000001759
691.4000000001887
694.6000000001894
701.600000000191
709.0000000001927
719.200000000195
724.2000000001962
727.0000000001968
741.4000000002001
744.0000000002007
745.8000000002011
762.2000000002048
839.0000000002223
844.2000000002234
861.6000000002274
869.6000000002292
1066.000000000226
1074.4000000002184
1085.2000000002085
1208.2000000000967
1210.000000000095
1211.200000000094
1316.1999999999985
1322.9999999999923
1334.399999999982
1336.9999999999795
1367.9999999999513
1368.7999999999506
1373.9999999999459
1429.999999999895
1561.1999999997756
1567.39999999977
1576.3999999997618
1579.599999999759
1586.3999999997527
1678.1999999996692
1679.3999999996681
1705.7999999996441
1954.1999999994182
1960.5999999994124
2009.1999999993682
2078.3999999993052
2109.599999999277
2185.399999999208
2198.399999999196
2203.999999999191
2206.7999999991885
2210.599999999185
2215.3999999991806
2220.399999999176
2225.799999999171
2228.199999999169
2231.399999999166
2244.3999999991543
2249.5999999991495
2254.599999999145
2258.799999999141
2266.9999999991337
2269.5999999991313
2271.3999999991297
2287.399999999115
2374.199999999036
2379.5999999990313
2383.9999999990273
2388.1999999990235
2391.99999999902
2392.7999999990193
2400.1999999990126
2416.399999998998
2417.399999998997
2425.19999999899
2433.599999998982
2437.3999999989787
2438.5999999989776
2464.1999999989544
2510.3999999989123
2520.3999999989032
2533.3999999988914
2541.1999999988843
2553.799999998873
2572.199999998856
2573.9999999988545
2577.3999999988514
2584.599999998845
2623.5999999988094
2781.5999999986657
2787.3999999986604
2792.7999999986555
2793.5999999986548
2798.3999999986504
2802.3999999986468
2812.3999999986377
2816.7999999986337
2818.599999998632
2853.9999999986
2867.999999998587
2907.599999998551
2987.1999999984787
3006.9999999984607
3008.799999998459
3026.199999998443
3038.599999998432
3044.999999998426
3048.7999999984227
3051.59999999842
3052.3999999984194
3053.999999998418
3201.7999999982835
3204.399999998281
3205.59999999828
3224.9999999982624
3229.999999998258
3231.5999999982564
3233.199999998255
3374.5999999981263
3380.399999998121
3386.999999998115
3395.3999999981074
3485.1999999980258
3503.1999999980094
3508.199999998005
3509.5999999980036
3638.999999997886
3640.7999999978842
3656.39999999787
3660.799999997866
3683.799999997845
3766.9999999977695
3773.7999999977633
3778.399999997759
3791.3999999977473
3792.799999997746
3799.19999999774
3812.9999999977276
3820.7999999977205
3826.3999999977154
4052.19999999751
4083.3999999974817
4102.199999997492
4105.399999997504
4112.399999997529
4188.999999997808
4216.5999999979085
4228.199999997951
4431.999999998692
4435.599999998705
4436.79999999871
4442.599999998731
4454.999999998776
4482.599999998876
4577.399999999221
4578.999999999227
4671.7999999995645
4677.199999999584
4679.1999999995915
4688.199999999624
4690.999999999634
4714.59999999972
4748.799999999845
4839.600000000175
4840.800000000179
4849.400000000211
4853.2000000002245
4859.200000000246
4863.200000000261
4866.4000000002725
4869.800000000285
4878.000000000315
4879.000000000318
4880.000000000322
4885.00000000034
5070.000000001013
5073.200000001025
5129.800000001231
5132.600000001241
5157.800000001333
5161.000000001344
5232.200000001603
5234.800000001613
5237.200000001621
5238.200000001625
5248.600000001663
5262.000000001712
5266.400000001728
5360.800000002071
5367.000000002094
5412.400000002259
5419.800000002286
5461.8000000024385
5469.800000002468
5482.000000002512
5483.800000002519
5575.800000002853
5579.200000002866
5584.400000002885
5589.200000002902
5612.000000002985
5643.2000000030985
5646.000000003109
5712.2000000033495
5713.600000003355
5728.600000003409
5731.60000000342
5757.200000003513
5861.800000003894
5877.800000003952
5894.800000004014
5898.400000004027
6044.200000004557
6167.4000000050055
6225.800000005218
6239.600000005268
6244.000000005284
6257.600000005334
6266.400000005366
6272.600000005388
6279.200000005412
6378.200000005772
6408.2000000058815
6417.0000000059135
6423.400000005937
6431.600000005967
6433.000000005972
6449.800000006033
6507.800000006244
6537.400000006352
6692.400000006915
6695.400000006926
6699.600000006942
6704.200000006958
6709.400000006977
6788.800000007266
6793.800000007284
6795.200000007289
6802.600000007316
6806.000000007329
6809.00000000734
6810.200000007344
6882.800000007608
6918.400000007738
6942.800000007826
6943.600000007829
6947.000000007842
6949.40000000785
6963.600000007902
6980.600000007964
7139.600000008542
7150.00000000858
7207.80000000879
7303.400000009138
7307.800000009154
7308.600000009157
7320.600000009201
7400.600000009492
7412.6000000095355
7508.000000009883
7658.200000010429
7666.80000001046
7796.200000010931
7797.000000010934
7804.600000010962
7814.600000010998
7841.4000000110955
7845.600000011111
7900.600000011311
7909.000000011341
7912.400000011354
8061.400000011896
8079.600000011962
8143.800000012196
8147.000000012207
8295.600000012748
8298.80000001276
8308.200000012794
8313.400000012813
8315.60000001282
8495.800000013476
8508.400000013522
8668.600000014105
8761.000000014441
8839.800000014728
8855.000000014783
8857.00000001479
9083.600000015615
9095.000000015656
9098.80000001567
9100.800000015677
9428.400000016869
9434.20000001689
9440.200000016912
9459.00000001698
9461.000000016988
9469.600000017019
9532.800000017249
9533.800000017252
9541.40000001728
9549.80000001731
9552.000000017319
9554.000000017326
9592.800000017467
9728.800000017962
9738.200000017996
9748.600000018034
9768.400000018106
9782.800000018158
9789.200000018182
9798.800000018216
9802.40000001823
9817.000000018283
9877.000000018501
9947.400000018757
9951.800000018773
9956.000000018788
9957.400000018793
9996.200000018935
10009.000000018981
10016.80000001901
10135.800000019442
10143.60000001947
10265.800000019915
10273.000000019942
10280.400000019969
10281.400000019972
10285.000000019985
10289.20000002
10309.600000020075
10314.00000002009
10317.400000020103
10403.200000020415
10466.200000020644
10516.600000020828
10518.000000020833
10524.600000020857
10542.200000020921
10585.200000021077
10590.800000021098
10591.800000021101
10631.000000021244
10645.800000021298
10655.400000021333
10667.800000021378
10679.20000002142
10764.200000021729
10777.800000021778
10830.200000021969
10831.600000021974
10835.200000021987
10839.200000022001
10844.000000022019
10845.200000022023
10855.20000002206
10856.800000022065
11043.000000022743
11084.000000022892
11088.200000022907
11091.000000022917
11119.40000002302
11149.800000023131
11153.200000023144
11179.000000023238
11250.200000023497
11350.800000023863
11359.400000023894
11364.200000023911
11366.60000002392
11369.000000023929
11370.600000023935
11483.400000024345
11486.200000024355
11491.800000024376
11497.800000024397
11502.600000024415
11521.400000024483
11535.800000024536
11653.800000024965
11661.600000024993
11687.000000025086
11771.600000025393
11776.600000025412
11778.400000025418
11781.40000002543
11794.000000025475
11796.200000025483
11797.600000025488
11804.200000025512
12036.200000026356
12049.000000026403
12056.60000002643
12057.600000026434
12068.200000026472
12158.4000000268
12227.400000027052
12636.000000028538
12652.400000028598
12691.200000028739
12702.40000002878
13170.200000030482
13173.600000030494
13184.400000030533
13186.800000030542
13201.200000030594
13205.000000030608
13211.400000030631
13242.800000030746
13572.200000031944
13575.200000031955
13591.000000032012
13592.400000032017
13649.000000032223
13659.00000003226
13674.000000032314
13691.80000003238
13721.800000032488
13859.60000003299
13862.800000033001
13866.200000033014
13964.40000003337
13975.20000003341
13980.80000003343
13987.000000033453
14053.200000033694
14067.000000033744
14095.400000033847
14104.000000033879
14117.800000033929
14122.600000033946
14129.20000003397
14162.20000003409
14341.600000034743
14352.400000034782
14354.000000034788
14365.800000034831
14376.200000034869
14387.200000034909
14395.80000003494
14399.800000034955
14431.60000003507
14440.400000035102
14441.200000035105
14453.60000003515
14510.200000035356
14757.400000036256
14759.800000036264
14772.000000036309
14781.200000036342
14962.800000037003
14967.000000037018
15186.200000037816
15187.60000003782
15188.600000037824
15197.200000037856
15200.000000037866
15214.000000037917
15216.600000037926
15382.000000038528
15384.000000038535
15387.600000038548
15518.000000039023
15635.60000003945
15726.400000039781
15729.200000039791
15746.600000039854
15894.00000004039
15907.40000004044
15937.400000040549
15942.800000040568
15944.000000040573
15981.400000040709
15991.600000040746
15997.600000040768
16047.80000004095
16059.400000040992
16064.20000004101
16132.200000041257
16137.400000041276
16167.800000041387
16181.000000041435
16199.0000000415
16200.200000041505
16202.600000041513
16209.600000041539
16235.000000041631
16240.00000004165
16245.200000041668
16269.200000041756
16271.600000041764
16279.600000041793
16287.600000041823
16303.000000041879
16306.20000004189
16308.000000041897
16315.800000041925
16325.20000004196
16336.200000042
16349.400000042047
16364.0000000421
16444.800000041287
16446.200000041266
16452.20000004118
16463.20000004102
16467.400000040958
16498.400000040507
16515.40000004026
16646.400000038353
16651.600000038277
16658.000000038184
16659.800000038158
16664.200000038094
16716.00000003734
16722.600000037244
16739.400000037
16746.000000036904
16807.800000036004
16854.600000035323
16960.400000033784
17059.60000003234
17063.00000003229
17118.00000003149
17120.600000031453
17144.000000031112
17154.40000003096
17303.800000028787
17316.00000002861
17415.60000002716
17419.200000027107
17433.200000026904
17444.000000026746
17446.60000002671
17452.00000002663
17453.800000026604
17455.600000026578
17568.80000002493
17570.600000024904
17574.000000024855
17575.200000024837
17611.600000024308
17635.200000023964
17682.80000002327
17686.600000023216
17692.000000023138
17692.800000023126
17707.200000022916
17736.200000022494
17737.000000022483
17749.400000022302
17907.00000002001
17911.80000001994
17915.600000019884
17930.000000019674
18039.200000018085
18048.200000017954
18077.800000017523
18081.200000017474
18099.600000017206
18231.600000015285
18234.80000001524
18238.400000015186
18262.80000001483
18317.20000001404
18318.000000014028
18326.600000013903
18382.600000013088
18395.000000012908
18406.60000001274
18409.600000012695
18414.200000012628
18418.80000001256
18480.200000011668
18572.600000010323
18580.800000010204
18705.200000008394
18714.600000008257
18723.20000000813
18740.200000007884
18756.20000000765
18760.800000007584
18896.800000005605
18903.200000005512
18913.200000005367
18916.600000005317
18927.000000005166
18930.80000000511
18958.600000004706
18976.400000004447
18993.800000004194
19094.200000002733
19097.80000000268
19105.000000002576
19113.800000002448
19214.200000000987
19217.200000000943
19218.80000000092
19220.000000000902
19224.000000000844
19445.199999997625
19713.799999993716
19718.799999993644
19724.59999999356
19731.599999993457
19743.999999993277
19867.39999999148
19870.599999991435
19891.59999999113
19896.39999999106
19923.399999990666
19924.999999990643
19938.799999990442
19959.399999990143
19961.799999990108
19967.19999999003
20075.199999988457
20104.999999988024
20394.399999983812
20633.199999980337
20654.599999980026
20663.599999979895
20675.799999979718
20729.79999997893
20768.99999997836
20770.999999978332
20874.599999976825
20989.999999975145
21023.199999974662
21046.79999997432
21063.99999997407
21068.799999974
21074.19999997392
21139.39999997297
21143.799999972907
21153.599999972765
21163.399999972622
21166.39999997258
21168.799999972543
21172.39999997249
21178.199999972407
21179.599999972386
21181.799999972354
21183.599999972328
21185.5999999723
21197.19999997213
21220.59999997179
21236.199999971563
21248.599999971382
21429.999999968742
21459.399999968315
21469.99999996816
21472.399999968125
21476.599999968064
21486.199999967925
21489.599999967875
21494.19999996781
21499.399999967733
21555.19999996692
21706.199999964723
21784.999999963577
21901.399999961883
21907.999999961787
21915.799999961673
21925.59999996153
21930.39999996146
21931.599999961443
21942.399999961286
21956.399999961082
21957.799999961062
22025.799999960072
22033.199999959965
22091.399999959118
22093.99999995908
22099.799999958996
22109.999999958847
22114.799999958777
22133.999999958498
22136.799999958457
22175.599999957893
22240.599999956947
22245.79999995687
22255.999999956723
22270.59999995651
22356.59999995526
22516.59999995293
22519.39999995289
22524.999999952808
22530.39999995273
22539.99999995259
22542.199999952558
22654.999999950916
22661.799999950817
22663.199999950797
22667.999999950727
22687.599999950442
22724.999999949898
22727.59999994986
22879.199999947654
22883.399999947593
22894.199999947436
23073.399999944828
23326.599999941143
23866.99999993328
23872.199999933204
23872.999999933192
23914.799999932584
23921.19999993249
23942.799999932176
23956.19999993198
24010.59999993119
24011.799999931172
24021.399999931033
24051.999999930587
24059.599999930477
24061.599999930448
24185.599999928643
24203.199999928387
24206.39999992834
24218.19999992817
24237.199999927892
24248.799999927724
24251.599999927683
24252.59999992767
24258.399999927584
24259.599999927566
24264.999999927488
24283.199999927223
24695.399999921225
24700.199999921155
24705.199999921082
24705.99999992107
24853.79999991892
24897.199999918288
24898.39999991827
24904.799999918177
24906.199999918157
24934.19999991775
25016.999999916545
25069.999999915774
25070.99999991576
25080.59999991562
25088.399999915506
25199.39999991389
25202.19999991385
25268.399999912886
25323.79999991208
25326.399999912042
25335.799999911906
25351.799999911673
25357.199999911594
25359.199999911565
25364.199999911492
25440.199999910386
25453.999999910186
25530.999999909065
25533.99999990902
25534.999999909007
25624.7999999077
25668.999999907057
25673.199999906996
25677.999999906926
25768.599999905608
25773.599999905535
25795.79999990521
25801.99999990512
25983.799999902476
25984.599999902464
25990.199999902383
26131.99999990032
26133.99999990029
26136.399999900255
26146.799999900104
26157.599999899947
26163.999999899854
26527.599999894563
26690.799999892188
26693.199999892153
26694.999999892127
26699.59999989206
26707.19999989195
26712.799999891868
26718.19999989179
26729.999999891617
26883.999999889376
26954.799999888346
26959.199999888282
26967.199999888166
26971.999999888096
26977.99999988801
26981.39999988796
26982.199999887947
26988.99999988785
26993.199999887787
27005.199999887613
27006.199999887598
27015.999999887455
27027.39999988729
27039.999999887106
27042.799999887065
27341.39999988272
27358.799999882467
27400.59999988186
27402.59999988183
27420.999999881562
27436.799999881332
27444.59999988122
27448.799999881157
27452.199999881108
27460.99999988098
27462.199999880962
27536.999999879874
27537.99999987986
27558.999999879554
27657.199999878125
27664.199999878023
27720.7999998772
27732.799999877025
27736.59999987697
27746.19999987683
27751.79999987675
27753.199999876728
27769.59999987649
27791.59999987617
27820.799999875744
27912.799999874405
27925.999999874213
27946.999999873908
27955.79999987378
27961.599999873695
27963.199999873672
28007.799999873023
28009.99999987299
28010.79999987298
28013.39999987294
28014.79999987292
28039.399999872563
28043.199999872508
28051.19999987239
28058.399999872287
28200.99999987021
28338.199999868215
28343.199999868142
28346.399999868096
28347.999999868072
28363.99999986784
28383.599999867554
28399.399999867324
28426.799999866926
28436.999999866777
28564.799999864917
28583.79999986464
28590.199999864548
28598.799999864423
28600.3999998644
28607.1999998643
28612.399999864225
28628.799999863986
28634.199999863908
28640.79999986381
28641.5999998638
28643.799999863768
28652.999999863634
28672.39999986335
28695.19999986302
28696.999999862994
28831.99999986103
28836.399999860965
28960.39999985916
28961.399999859146
28965.399999859088
28968.199999859047
28974.19999985896
28982.199999858844
29021.199999858276
29030.199999858145
29034.399999858084
29035.799999858064
29105.599999857048
29131.199999856675
29262.399999854766
29274.39999985459
29278.799999854527
29298.199999854245
29305.199999854143
29312.19999985404
29316.799999853974
29397.199999852804
29407.79999985265
29410.799999852607
29413.799999852563
29423.399999852423
29428.799999852345
29434.199999852266
29438.999999852196
29480.399999851594
29522.799999850977
29529.39999985088
29530.79999985086
29532.99999985083
29536.39999985078
29550.599999850572
29555.999999850494
29733.999999847903
29834.199999846445
29838.79999984638
29839.599999846367
29858.59999984609
29860.399999846064
